<<<<<<< HEAD
11
7
0 0 0 1 0 0 0
0 0 1 1 1 0 0
0 1 1 10 1 0 0
0 0 1 1 1 0 0
0 0 0 0 0 0 0
0 0 0 0 0 0 0
0 0 0 0 0 0 2
5
0 1 1 0 0
0 0 1 0 3
0 1 0 1 0
0 0 0 0 0
1 0 5 0 0
5
0 0 1 1 0
0 0 1 0 2
0 0 0 1 0
0 1 0 0 0
1 0 5 0 0
6
0 0 0 1 0 0
0 0 0 0 0 0
0 0 0 0 0 0
0 1 0 0 0 0
2 0 1 0 0 0
0 0 2 0 0 0
6
0 0 0 0 0 0
0 0 0 0 0 0
0 0 0 0 0 0
0 0 0 0 0 0
1 0 0 0 0 0
0 0 0 2 0 4
7
0 0 0 0 0 0 0
0 0 0 0 0 0 4
0 0 0 0 1 0 0
1 0 0 1 0 0 0
0 0 0 0 0 0 0
0 0 0 0 0 0 0
0 2 0 0 0 0 0
7
0 0 0 0 0 0 0
7 0 0 0 0 0 0
0 0 0 0 0 0 0
0 0 0 0 0 0 0
0 0 0 0 0 0 0
2 0 0 0 0 1 0
0 0 0 0 0 0 0
8
0 0 0 0 0 0 0 0
0 0 0 0 0 0 0 2
0 0 0 0 0 0 0 0
2 0 0 0 0 0 0 0
0 0 0 0 0 1 0 0
0 0 0 0 0 0 0 0
0 0 0 0 0 0 1 0
0 0 0 0 1 0 0 0
8
3 0 0 0 0 0 5 0
0 0 0 0 0 0 0 0
1 0 0 0 0 0 0 0
0 0 0 0 0 0 0 0
1 0 1 1 0 0 0 0
0 0 0 0 0 0 1 0
0 0 0 0 0 0 0 0
0 0 0 0 0 0 0 0
9
0 0 0 1 0 0 0 0 0
0 1 0 0 0 0 0 0 0
0 0 0 0 0 0 0 0 8
7 0 0 0 0 1 0 0 0
0 0 0 0 0 1 1 0 0
0 0 0 0 0 0 0 0 0
1 0 0 0 0 1 0 0 0
0 0 0 0 0 0 0 0 0
0 0 0 0 0 0 0 0 0
10
0 0 0 0 0 0 0 0 0 0
0 0 0 0 1 0 0 0 0 0
0 0 1 0 0 0 0 0 0 0
0 0 0 0 0 0 0 0 0 0
0 0 0 0 0 0 0 0 0 0
3 0 1 0 1 0 0 0 0 2
1 1 0 0 1 0 1 0 0 0
0 0 0 0 0 0 0 0 0 0
0 0 0 0 0 0 0 0 0 0
0 0 0 0 0 0 0 0 0 0
=======
1
7
0 0 0 1 0 0 0
0 0 1 1 1 0 0
0 1 1 10 1 0 0
0 0 1 1 1 0 0
0 0 0 0 0 0 0
0 0 0 0 0 0 0
0 0 0 0 0 0 2


12- 2 3

10 - 3 
2 - 7
>>>>>>> 8d5ec8baaf0e16e38d534c1f2f0c63438220263b
